<?xml version="1.0"?>
<opencv_storage>
<D1 type_id="opencv-matrix">
  <rows>1</rows>
  <cols>5</cols>
  <dt>d</dt>
  <data>
    -0.0584802464607739 0.3057333173005077 0. 0. -0.5237320706876479</data></D1>
</opencv_storage>
