<?xml version="1.0"?>
<opencv_storage>
<D2 type_id="opencv-matrix">
  <rows>1</rows>
  <cols>5</cols>
  <dt>d</dt>
  <data>
    -0.0198870323336005 0.1044260159739593 0. 0. -0.2658813747438176</data></D2>
</opencv_storage>
