<?xml version="1.0"?>
<opencv_storage>
<DX type_id="opencv-matrix">
  <rows>1</rows>
  <cols>5</cols>
  <dt>d</dt>
  <data>
    -0.1135888673924368 0.6170995696197936 1.5741526192972544e-03
    -2.9141374949876535e-03 -1.1560673663817409 </data></DX>
</opencv_storage>
