<?xml version="1.0"?>
<opencv_storage>
<E type_id="opencv-matrix">
  <rows>3</rows>
  <cols>3</cols>
  <dt>d</dt>
  <data>
    -5.8242492709553261e-05 4.0442770507163328e-03
    -1.3031760833268104e-03 -2.4908909140595372e-03
    -7.1037738994523245e-04 0.1066006312509616 2.3579923550579958e-03
    -0.1065355468107385 -7.0517724265281849e-04</data></E>
</opencv_storage>
