<?xml version="1.0"?>
<opencv_storage>
<F type_id="opencv-matrix">
  <rows>3</rows>
  <cols>3</cols>
  <dt>d</dt>
  <data>
    1.9223602722698963e-07 -1.3348600258441060e-05
    5.4384114108408316e-03 8.2214711510118526e-06 2.3446820512294142e-06
    -0.1947543244357313 -6.2388255790026288e-03 0.1951211852226052 1.</data></F>
</opencv_storage>
