<?xml version="1.0"?>
<opencv_storage>
<M1 type_id="opencv-matrix">
  <rows>3</rows>
  <cols>3</cols>
  <dt>d</dt>
  <data>
    544.7239731898414448 0. 308.9904287616699321 0. 544.7239731898414448
    236.3393128235020413 0. 0. 1.</data></M1>
</opencv_storage>
