<?xml version="1.0"?>
<opencv_storage>
<M2 type_id="opencv-matrix">
  <rows>3</rows>
  <cols>3</cols>
  <dt>d</dt>
  <data>
    544.7239731898414448 0. 309.5152774603947137 0. 544.7239731898414448
    235.9473903576343332 0. 0. 1.</data></M2>
</opencv_storage>
