<?xml version="1.0"?>
<opencv_storage>
<MX type_id="opencv-matrix">
  <rows>3</rows>
  <cols>3</cols>
  <dt>d</dt>
  <data>
	546.7442865513477273 0. 303.1433046214517049 0. 544.0808766413667854
    229.7106181067742341 0. 0. 1.</data></MX>
</opencv_storage>
