<?xml version="1.0"?>
<opencv_storage>
<Q type_id="opencv-matrix">
  <rows>4</rows>
  <cols>4</cols>
  <dt>f</dt>
  <data>
    1. 0. 0. -325.19332886 0. 1. 0. -238.91418457 0. 0. 0. 522.50018311
    0. 0. -8.03850937 0.</data></Q>
</opencv_storage>
