<?xml version="1.0"?>
<opencv_storage>
<R type_id="opencv-matrix">
  <rows>3</rows>
  <cols>3</cols>
  <dt>d</dt>
  <data>
    0.9998482995417914 9.7477999745533752e-03 -0.0144346215414277
    -9.6556804651315529e-03 0.9999326587279705 6.4378446678506288e-03
    0.0144964043177413 -6.2974919506255094e-03 0.9998750901272561</data></R>
</opencv_storage>
