<?xml version="1.0"?>
<opencv_storage>
<T type_id="opencv-matrix">
  <rows>3</rows>
  <cols>1</cols>
  <dt>d</dt>
  <data>
    -0.1065556804137711 -1.3293264126638554e-03 -4.0361774296550782e-03</data></T>
</opencv_storage>
